[38;2;7;7;7m▄[38;2;7;7;7m▄              [38;2;7;7;7m▄[38;2;7;7;7m[48;2;169;156;144m▀[0m[38;2;7;7;7m▄   [38;2;7;7;7m▄                    
[38;2;7;7;7m▀[38;2;201;194;197m[48;2;7;7;7m▀[0m[38;2;7;7;7m[48;2;201;194;197m▀[0m[38;2;7;7;7m▄           [38;2;7;7;7m▄[38;2;7;7;7m[48;2;142;122;111m▀[0m[38;2;169;156;144m[48;2;169;156;144m▀[0m[38;2;7;7;7m[48;2;66;66;66m▀[0m[38;2;7;7;7m▄[38;2;7;7;7m▄[38;2;7;7;7m[48;2;142;122;111m▀[0m[38;2;169;156;144m[48;2;169;156;144m▀[0m[38;2;7;7;7m[48;2;7;7;7m▀[0m                   
 [38;2;7;7;7m▀[38;2;201;194;197m[48;2;7;7;7m▀[0m[38;2;180;170;174m[48;2;201;194;197m▀[0m[38;2;7;7;7m[48;2;180;170;174m▀[0m[38;2;7;7;7m[48;2;58;52;67m▀[0m[38;2;7;7;7m▄[38;2;7;7;7m▄ [38;2;7;7;7m▄[38;2;7;7;7m[48;2;201;194;197m▀[0m[38;2;7;7;7m[48;2;7;7;7m▀[0m  [38;2;7;7;7m▄[38;2;7;7;7m[48;2;58;52;67m▀[0m[38;2;169;156;144m[48;2;58;52;67m▀[0m[38;2;169;156;144m[48;2;58;52;67m▀[0m[38;2;66;66;66m[48;2;58;52;67m▀[0m[38;2;142;122;111m[48;2;142;122;111m▀[0m[38;2;66;66;66m[48;2;169;156;144m▀[0m[38;2;169;156;144m[48;2;169;156;144m▀[0m[38;2;169;156;144m[48;2;142;122;111m▀[0m[38;2;7;7;7m[48;2;7;7;7m▀[0m              [38;2;7;7;7m▄[38;2;7;7;7m[48;2;201;194;197m▀[0m[38;2;7;7;7m[48;2;7;7;7m▀[0m  
   [38;2;7;7;7m▀[38;2;201;194;197m[48;2;7;7;7m▀[0m[38;2;201;194;197m[48;2;201;194;197m▀[0m[38;2;201;194;197m[48;2;201;194;197m▀[0m[38;2;180;170;174m[48;2;201;194;197m▀[0m[38;2;7;7;7m[48;2;201;194;197m▀[0m[38;2;180;170;174m[48;2;201;194;197m▀[0m[38;2;201;194;197m[48;2;66;66;66m▀[0m[38;2;66;66;66m[48;2;180;170;174m▀[0m[38;2;7;7;7m[48;2;169;156;144m▀[0m[38;2;7;7;7m[48;2;58;52;67m▀[0m[38;2;169;156;144m[48;2;58;52;67m▀[0m[38;2;169;156;144m[48;2;142;122;111m▀[0m[38;2;169;156;144m[48;2;201;194;197m▀[0m[38;2;201;194;197m[48;2;201;194;197m▀[0m[38;2;180;170;174m[48;2;201;194;197m▀[0m[38;2;58;52;67m[48;2;201;194;197m▀[0m[38;2;58;52;67m[48;2;180;170;174m▀[0m[38;2;201;194;197m[48;2;58;52;67m▀[0m[38;2;201;194;197m[48;2;201;194;197m▀[0m[38;2;201;194;197m[48;2;201;194;197m▀[0m[38;2;7;7;7m[48;2;201;194;197m▀[0m[38;2;7;7;7m▄           [38;2;7;7;7m[48;2;7;7;7m▀[0m[38;2;201;194;197m[48;2;201;194;197m▀[0m[38;2;201;194;197m[48;2;7;7;7m▀[0m[38;2;7;7;7m▀  
   [38;2;7;7;7m[48;2;7;7;7m▀[0m[38;2;201;194;197m[48;2;7;7;7m▀[0m[38;2;58;52;67m[48;2;7;7;7m▀[0m[38;2;7;7;7m▀[38;2;7;7;7m▀[38;2;201;194;197m[48;2;7;7;7m▀[0m[38;2;201;194;197m[48;2;201;194;197m▀[0m[38;2;201;194;197m[48;2;201;194;197m▀[0m[38;2;66;66;66m[48;2;201;194;197m▀[0m[38;2;169;156;144m[48;2;66;66;66m▀[0m[38;2;169;156;144m[48;2;169;156;144m▀[0m[38;2;201;194;197m[48;2;201;194;197m▀[0m[38;2;58;52;67m[48;2;169;156;144m▀[0m[38;2;58;52;67m[48;2;180;170;174m▀[0m[38;2;201;194;197m[48;2;58;52;67m▀[0m[38;2;201;194;197m[48;2;201;194;197m▀[0m[38;2;201;194;197m[48;2;201;194;197m▀[0m[38;2;201;194;197m[48;2;169;156;144m▀[0m[38;2;201;194;197m[48;2;169;156;144m▀[0m[38;2;58;52;67m[48;2;58;52;67m▀[0m[38;2;201;194;197m[48;2;58;52;67m▀[0m[38;2;201;194;197m[48;2;201;194;197m▀[0m[38;2;180;170;174m[48;2;58;52;67m▀[0m[38;2;7;7;7m[48;2;201;194;197m▀[0m[38;2;7;7;7m[48;2;201;194;197m▀[0m[38;2;7;7;7m[48;2;7;7;7m▀[0m      [38;2;7;7;7m▄[38;2;7;7;7m[48;2;201;194;197m▀[0m[38;2;201;194;197m[48;2;201;194;197m▀[0m[38;2;201;194;197m[48;2;7;7;7m▀[0m[38;2;7;7;7m▀   
         [38;2;7;7;7m[48;2;7;7;7m▀[0m[38;2;201;194;197m[48;2;180;170;174m▀[0m[38;2;201;194;197m[48;2;169;156;144m▀[0m[38;2;169;156;144m[48;2;169;156;144m▀[0m[38;2;201;194;197m[48;2;201;194;197m▀[0m[38;2;169;156;144m[48;2;169;156;144m▀[0m[38;2;201;194;197m[48;2;169;156;144m▀[0m[38;2;201;194;197m[48;2;169;156;144m▀[0m[38;2;201;194;197m[48;2;201;194;197m▀[0m[38;2;58;52;67m[48;2;58;52;67m▀[0m[38;2;169;156;144m[48;2;169;156;144m▀[0m[38;2;169;156;144m[48;2;169;156;144m▀[0m[38;2;58;52;67m[48;2;169;156;144m▀[0m[38;2;201;194;197m[48;2;201;194;197m▀[0m[38;2;180;170;174m[48;2;201;194;197m▀[0m[38;2;58;52;67m[48;2;201;194;197m▀[0m[38;2;201;194;197m[48;2;201;194;197m▀[0m[38;2;201;194;197m[48;2;58;52;67m▀[0m[38;2;7;7;7m[48;2;7;7;7m▀[0m  [38;2;7;7;7m▄[38;2;7;7;7m[48;2;32;69;155m▀[0m[38;2;7;7;7m[48;2;32;69;155m▀[0m[38;2;7;7;7m▄[38;2;7;7;7m▄[38;2;7;7;7m[48;2;180;170;174m▀[0m[38;2;201;194;197m[48;2;201;194;197m▀[0m[38;2;201;194;197m[48;2;201;194;197m▀[0m[38;2;7;7;7m[48;2;180;170;174m▀[0m[38;2;7;7;7m▄[38;2;7;7;7m[48;2;32;69;155m▀[0m[38;2;7;7;7m[48;2;32;69;155m▀[0m[38;2;7;7;7m▄
      [38;2;7;7;7m▄[38;2;7;7;7m[48;2;248;248;248m▀[0m[38;2;7;7;7m▄[38;2;7;7;7m[48;2;58;52;67m▀[0m[38;2;142;122;111m[48;2;142;122;111m▀[0m[38;2;142;122;111m[48;2;142;122;111m▀[0m[38;2;180;170;174m[48;2;180;170;174m▀[0m[38;2;201;194;197m[48;2;180;170;174m▀[0m[38;2;201;194;197m[48;2;180;170;174m▀[0m[38;2;169;156;144m[48;2;58;52;67m▀[0m[38;2;180;170;174m[48;2;197;194;206m▀[0m[38;2;58;52;67m[48;2;66;66;66m▀[0m[38;2;66;66;66m[48;2;248;248;248m▀[0m[38;2;169;156;144m[48;2;66;66;66m▀[0m[38;2;169;156;144m[48;2;142;122;111m▀[0m[38;2;58;52;67m[48;2;180;170;174m▀[0m[38;2;201;194;197m[48;2;58;52;67m▀[0m[38;2;201;194;197m[48;2;58;52;67m▀[0m[38;2;180;170;174m[48;2;58;52;67m▀[0m[38;2;58;52;67m[48;2;180;170;174m▀[0m[38;2;180;170;174m[48;2;180;170;174m▀[0m[38;2;180;170;174m[48;2;180;170;174m▀[0m[38;2;7;7;7m[48;2;7;7;7m▀[0m [38;2;7;7;7m[48;2;7;7;7m▀[0m[38;2;32;69;155m[48;2;32;69;155m▀[0m[38;2;41;56;109m[48;2;41;56;109m▀[0m[38;2;105;129;142m[48;2;105;129;142m▀[0m[38;2;73;91;103m[48;2;180;170;174m▀[0m[38;2;180;170;174m[48;2;105;129;142m▀[0m[38;2;180;170;174m[48;2;105;129;142m▀[0m[38;2;105;129;142m[48;2;41;56;109m▀[0m[38;2;73;91;103m[48;2;32;69;155m▀[0m[38;2;41;56;109m[48;2;32;69;155m▀[0m[38;2;32;69;155m[48;2;32;69;155m▀[0m[38;2;32;69;155m[48;2;7;7;7m▀[0m[38;2;7;7;7m▀
     [38;2;7;7;7m▄[38;2;7;7;7m[48;2;248;248;248m▀[0m[38;2;248;248;248m[48;2;248;248;248m▀[0m[38;2;66;66;66m[48;2;248;248;248m▀[0m[38;2;142;122;111m[48;2;66;66;66m▀[0m[38;2;142;122;111m[48;2;66;66;66m▀[0m[38;2;180;170;174m[48;2;66;66;66m▀[0m[38;2;58;52;67m[48;2;41;56;109m▀[0m[38;2;66;66;66m[48;2;32;69;155m▀[0m[38;2;66;66;66m[48;2;219;120;87m▀[0m[38;2;219;120;87m[48;2;219;120;87m▀[0m[38;2;248;248;248m[48;2;66;66;66m▀[0m[38;2;66;66;66m[48;2;248;248;248m▀[0m[38;2;248;248;248m[48;2;197;194;206m▀[0m[38;2;66;66;66m[48;2;248;248;248m▀[0m[38;2;66;66;66m[48;2;66;66;66m▀[0m[38;2;180;170;174m[48;2;180;170;174m▀[0m[38;2;180;170;174m[48;2;180;170;174m▀[0m[38;2;58;52;67m[48;2;58;52;67m▀[0m[38;2;180;170;174m[48;2;180;170;174m▀[0m[38;2;180;170;174m[48;2;180;170;174m▀[0m[38;2;180;170;174m[48;2;180;170;174m▀[0m[38;2;180;170;174m[48;2;66;66;66m▀[0m[38;2;66;66;66m[48;2;248;248;248m▀[0m[38;2;7;7;7m[48;2;7;7;7m▀[0m [38;2;7;7;7m[48;2;7;7;7m▀[0m[38;2;41;56;109m[48;2;41;56;109m▀[0m[38;2;105;129;142m[48;2;73;91;103m▀[0m[38;2;105;129;142m[48;2;41;56;109m▀[0m[38;2;73;91;103m[48;2;41;56;109m▀[0m[38;2;41;56;109m[48;2;41;56;109m▀[0m[38;2;32;69;155m[48;2;41;56;109m▀[0m[38;2;32;69;155m[48;2;7;7;7m▀[0m[38;2;41;56;109m[48;2;7;7;7m▀[0m[38;2;7;7;7m▀  
     [38;2;7;7;7m▀[38;2;197;194;206m[48;2;7;7;7m▀[0m[38;2;248;248;248m[48;2;248;248;248m▀[0m[38;2;66;66;66m[48;2;66;66;66m▀[0m[38;2;219;120;87m[48;2;219;120;87m▀[0m[38;2;219;120;87m[48;2;32;69;155m▀[0m[38;2;32;69;155m[48;2;32;69;155m▀[0m[38;2;32;69;155m[48;2;32;69;155m▀[0m[38;2;32;69;155m[48;2;197;194;206m▀[0m[38;2;41;56;109m[48;2;248;248;248m▀[0m[38;2;41;56;109m[48;2;248;248;248m▀[0m[38;2;248;248;248m[48;2;248;248;248m▀[0m[38;2;248;248;248m[48;2;197;194;206m▀[0m[38;2;248;248;248m[48;2;66;66;66m▀[0m[38;2;66;66;66m[48;2;180;170;174m▀[0m[38;2;180;170;174m[48;2;180;170;174m▀[0m[38;2;180;170;174m[48;2;58;52;67m▀[0m[38;2;58;52;67m[48;2;66;66;66m▀[0m[38;2;180;170;174m[48;2;66;66;66m▀[0m[38;2;180;170;174m[48;2;66;66;66m▀[0m[38;2;66;66;66m[48;2;248;248;248m▀[0m[38;2;66;66;66m[48;2;248;248;248m▀[0m[38;2;248;248;248m[48;2;248;248;248m▀[0m[38;2;7;7;7m[48;2;7;7;7m▀[0m[38;2;7;7;7m▄[38;2;7;7;7m[48;2;32;69;155m▀[0m[38;2;41;56;109m[48;2;32;69;155m▀[0m[38;2;41;56;109m[48;2;41;56;109m▀[0m[38;2;41;56;109m[48;2;41;56;109m▀[0m[38;2;41;56;109m[48;2;7;7;7m▀[0m[38;2;7;7;7m▀[38;2;7;7;7m▀[38;2;7;7;7m▀     
      [38;2;7;7;7m▄[38;2;7;7;7m[48;2;197;194;206m▀[0m[38;2;197;194;206m[48;2;197;194;206m▀[0m[38;2;66;66;66m[48;2;197;194;206m▀[0m[38;2;32;69;155m[48;2;66;66;66m▀[0m[38;2;41;56;109m[48;2;32;69;155m▀[0m[38;2;41;56;109m[48;2;32;69;155m▀[0m[38;2;32;69;155m[48;2;41;56;109m▀[0m[38;2;32;69;155m[48;2;197;194;206m▀[0m[38;2;197;194;206m[48;2;197;194;206m▀[0m[38;2;197;194;206m[48;2;248;248;248m▀[0m[38;2;197;194;206m[48;2;248;248;248m▀[0m[38;2;197;194;206m[48;2;248;248;248m▀[0m[38;2;66;66;66m[48;2;248;248;248m▀[0m[38;2;66;66;66m[48;2;248;248;248m▀[0m[38;2;66;66;66m[48;2;248;248;248m▀[0m[38;2;248;248;248m[48;2;248;248;248m▀[0m[38;2;248;248;248m[48;2;248;248;248m▀[0m[38;2;248;248;248m[48;2;248;248;248m▀[0m[38;2;248;248;248m[48;2;66;66;66m▀[0m[38;2;197;194;206m[48;2;66;66;66m▀[0m[38;2;66;66;66m[48;2;32;69;155m▀[0m[38;2;41;56;109m[48;2;32;69;155m▀[0m[38;2;32;69;155m[48;2;32;69;155m▀[0m[38;2;32;69;155m[48;2;32;69;155m▀[0m[38;2;32;69;155m[48;2;32;69;155m▀[0m[38;2;32;69;155m[48;2;32;69;155m▀[0m[38;2;32;69;155m[48;2;32;69;155m▀[0m[38;2;41;56;109m[48;2;32;69;155m▀[0m[38;2;7;7;7m[48;2;41;56;109m▀[0m[38;2;7;7;7m[48;2;58;52;67m▀[0m[38;2;7;7;7m▄     
       [38;2;7;7;7m▀[38;2;66;66;66m[48;2;7;7;7m▀[0m[38;2;197;194;206m[48;2;66;66;66m▀[0m[38;2;197;194;206m[48;2;66;66;66m▀[0m[38;2;66;66;66m[48;2;58;52;67m▀[0m[38;2;66;66;66m[48;2;66;66;66m▀[0m[38;2;248;248;248m[48;2;248;248;248m▀[0m[38;2;248;248;248m[48;2;66;66;66m▀[0m[38;2;248;248;248m[48;2;66;66;66m▀[0m[38;2;248;248;248m[48;2;197;194;206m▀[0m[38;2;248;248;248m[48;2;248;248;248m▀[0m[38;2;197;194;206m[48;2;66;66;66m▀[0m[38;2;66;66;66m[48;2;105;129;142m▀[0m[38;2;248;248;248m[48;2;66;66;66m▀[0m[38;2;248;248;248m[48;2;197;194;206m▀[0m[38;2;248;248;248m[48;2;248;248;248m▀[0m[38;2;66;66;66m[48;2;248;248;248m▀[0m[38;2;66;66;66m[48;2;197;194;206m▀[0m[38;2;32;69;155m[48;2;66;66;66m▀[0m[38;2;32;69;155m[48;2;32;69;155m▀[0m[38;2;32;69;155m[48;2;58;52;67m▀[0m[38;2;32;69;155m[48;2;32;69;155m▀[0m[38;2;32;69;155m[48;2;32;69;155m▀[0m[38;2;32;69;155m[48;2;41;56;109m▀[0m[38;2;41;56;109m[48;2;105;129;142m▀[0m[38;2;32;69;155m[48;2;41;56;109m▀[0m[38;2;32;69;155m[48;2;32;69;155m▀[0m[38;2;32;69;155m[48;2;32;69;155m▀[0m[38;2;58;52;67m[48;2;58;52;67m▀[0m[38;2;180;170;174m[48;2;180;170;174m▀[0m[38;2;180;170;174m[48;2;142;122;111m▀[0m[38;2;7;7;7m[48;2;7;7;7m▀[0m    
       [38;2;7;7;7m▄[38;2;7;7;7m[48;2;58;52;67m▀[0m[38;2;180;170;174m[48;2;180;170;174m▀[0m[38;2;58;52;67m[48;2;180;170;174m▀[0m[38;2;66;66;66m[48;2;66;66;66m▀[0m[38;2;248;248;248m[48;2;248;248;248m▀[0m[38;2;197;194;206m[48;2;66;66;66m▀[0m[38;2;66;66;66m[48;2;73;91;103m▀[0m[38;2;105;129;142m[48;2;105;129;142m▀[0m[38;2;66;66;66m[48;2;73;91;103m▀[0m[38;2;248;248;248m[48;2;66;66;66m▀[0m[38;2;248;248;248m[48;2;66;66;66m▀[0m[38;2;66;66;66m[48;2;105;129;142m▀[0m[38;2;105;129;142m[48;2;105;129;142m▀[0m[38;2;66;66;66m[48;2;105;129;142m▀[0m[38;2;66;66;66m[48;2;66;66;66m▀[0m[38;2;248;248;248m[48;2;66;66;66m▀[0m[38;2;248;248;248m[48;2;66;66;66m▀[0m[38;2;248;248;248m[48;2;66;66;66m▀[0m[38;2;66;66;66m[48;2;58;52;67m▀[0m[38;2;201;194;197m[48;2;201;194;197m▀[0m[38;2;58;52;67m[48;2;58;52;67m▀[0m[38;2;41;56;109m[48;2;41;56;109m▀[0m[38;2;105;129;142m[48;2;105;129;142m▀[0m[38;2;105;129;142m[48;2;7;7;7m▀[0m[38;2;41;56;109m[48;2;7;7;7m▀[0m[38;2;32;69;155m[48;2;32;69;155m▀[0m[38;2;32;69;155m[48;2;32;69;155m▀[0m[38;2;32;69;155m[48;2;32;69;155m▀[0m[38;2;58;52;67m[48;2;58;52;67m▀[0m[38;2;180;170;174m[48;2;180;170;174m▀[0m[38;2;169;156;144m[48;2;142;122;111m▀[0m[38;2;7;7;7m[48;2;7;7;7m▀[0m   
      [38;2;7;7;7m▄[38;2;7;7;7m[48;2;58;52;67m▀[0m[38;2;180;170;174m[48;2;180;170;174m▀[0m[38;2;58;52;67m[48;2;66;66;66m▀[0m[38;2;66;66;66m[48;2;66;66;66m▀[0m[38;2;248;248;248m[48;2;66;66;66m▀[0m[38;2;66;66;66m[48;2;41;56;109m▀[0m[38;2;41;56;109m[48;2;41;56;109m▀[0m[38;2;66;66;66m[48;2;7;7;7m▀[0m[38;2;105;129;142m[48;2;41;56;109m▀[0m[38;2;105;129;142m[48;2;73;91;103m▀[0m[38;2;105;129;142m[48;2;41;56;109m▀[0m[38;2;105;129;142m[48;2;41;56;109m▀[0m[38;2;105;129;142m[48;2;73;91;103m▀[0m[38;2;105;129;142m[48;2;105;129;142m▀[0m[38;2;105;129;142m[48;2;66;66;66m▀[0m[38;2;66;66;66m[48;2;32;69;155m▀[0m[38;2;32;69;155m[48;2;32;69;155m▀[0m[38;2;32;69;155m[48;2;58;52;67m▀[0m[38;2;58;52;67m[48;2;180;170;174m▀[0m[38;2;58;52;67m[48;2;169;156;144m▀[0m[38;2;169;156;144m[48;2;169;156;144m▀[0m[38;2;58;52;67m[48;2;201;194;197m▀[0m[38;2;7;7;7m[48;2;7;7;7m▀[0m[38;2;7;7;7m▀ [38;2;7;7;7m▀[38;2;41;56;109m[48;2;7;7;7m▀[0m[38;2;32;69;155m[48;2;41;56;109m▀[0m[38;2;32;69;155m[48;2;41;56;109m▀[0m[38;2;32;69;155m[48;2;32;69;155m▀[0m[38;2;58;52;67m[48;2;32;69;155m▀[0m[38;2;180;170;174m[48;2;58;52;67m▀[0m[38;2;180;170;174m[48;2;58;52;67m▀[0m[38;2;7;7;7m[48;2;7;7;7m▀[0m  
      [38;2;7;7;7m[48;2;7;7;7m▀[0m[38;2;58;52;67m[48;2;180;170;174m▀[0m[38;2;58;52;67m[48;2;66;66;66m▀[0m[38;2;66;66;66m[48;2;41;56;109m▀[0m[38;2;41;56;109m[48;2;41;56;109m▀[0m[38;2;41;56;109m[48;2;41;56;109m▀[0m[38;2;41;56;109m[48;2;66;66;66m▀[0m[38;2;7;7;7m[48;2;7;7;7m▀[0m [38;2;7;7;7m▀[38;2;73;91;103m[48;2;7;7;7m▀[0m[38;2;73;91;103m[48;2;73;91;103m▀[0m[38;2;73;91;103m[48;2;73;91;103m▀[0m[38;2;41;56;109m[48;2;73;91;103m▀[0m[38;2;41;56;109m[48;2;73;91;103m▀[0m[38;2;66;66;66m[48;2;66;66;66m▀[0m[38;2;32;69;155m[48;2;32;69;155m▀[0m[38;2;32;69;155m[48;2;32;69;155m▀[0m[38;2;58;52;67m[48;2;32;69;155m▀[0m[38;2;201;194;197m[48;2;58;52;67m▀[0m[38;2;201;194;197m[48;2;180;170;174m▀[0m[38;2;142;122;111m[48;2;201;194;197m▀[0m[38;2;180;170;174m[48;2;169;156;144m▀[0m[38;2;7;7;7m[48;2;201;194;197m▀[0m[38;2;7;7;7m▄  [38;2;7;7;7m▀[38;2;41;56;109m[48;2;7;7;7m▀[0m[38;2;41;56;109m[48;2;41;56;109m▀[0m[38;2;41;56;109m[48;2;41;56;109m▀[0m[38;2;41;56;109m[48;2;41;56;109m▀[0m[38;2;41;56;109m[48;2;142;122;111m▀[0m[38;2;41;56;109m[48;2;142;122;111m▀[0m[38;2;7;7;7m[48;2;169;156;144m▀[0m[38;2;7;7;7m▄ 
    [38;2;7;7;7m▄[38;2;7;7;7m[48;2;142;122;111m▀[0m[38;2;66;66;66m[48;2;142;122;111m▀[0m[38;2;66;66;66m[48;2;41;56;109m▀[0m[38;2;41;56;109m[48;2;41;56;109m▀[0m[38;2;41;56;109m[48;2;41;56;109m▀[0m[38;2;41;56;109m[48;2;41;56;109m▀[0m[38;2;41;56;109m[48;2;7;7;7m▀[0m[38;2;7;7;7m▀    [38;2;7;7;7m▀[38;2;7;7;7m▀[38;2;73;91;103m[48;2;7;7;7m▀[0m[38;2;73;91;103m[48;2;7;7;7m▀[0m[38;2;73;91;103m[48;2;7;7;7m▀[0m[38;2;66;66;66m[48;2;7;7;7m▀[0m[38;2;32;69;155m[48;2;41;56;109m▀[0m[38;2;32;69;155m[48;2;32;69;155m▀[0m[38;2;58;52;67m[48;2;32;69;155m▀[0m[38;2;201;194;197m[48;2;58;52;67m▀[0m[38;2;201;194;197m[48;2;180;170;174m▀[0m[38;2;142;122;111m[48;2;201;194;197m▀[0m[38;2;180;170;174m[48;2;169;156;144m▀[0m[38;2;7;7;7m[48;2;7;7;7m▀[0m    [38;2;7;7;7m▀[38;2;41;56;109m[48;2;7;7;7m▀[0m[38;2;142;122;111m[48;2;7;7;7m▀[0m[38;2;169;156;144m[48;2;142;122;111m▀[0m[38;2;169;156;144m[48;2;169;156;144m▀[0m[38;2;142;122;111m[48;2;169;156;144m▀[0m[38;2;169;156;144m[48;2;7;7;7m▀[0m[38;2;7;7;7m[48;2;7;7;7m▀[0m
     [38;2;7;7;7m▀[38;2;7;7;7m▀[38;2;7;7;7m▀[38;2;142;122;111m[48;2;7;7;7m▀[0m[38;2;7;7;7m[48;2;7;7;7m▀[0m[38;2;7;7;7m▀            [38;2;7;7;7m[48;2;7;7;7m▀[0m[38;2;41;56;109m[48;2;41;56;109m▀[0m[38;2;41;56;109m[48;2;41;56;109m▀[0m[38;2;58;52;67m[48;2;41;56;109m▀[0m[38;2;201;194;197m[48;2;58;52;67m▀[0m[38;2;201;194;197m[48;2;58;52;67m▀[0m[38;2;142;122;111m[48;2;41;56;109m▀[0m[38;2;58;52;67m[48;2;169;156;144m▀[0m[38;2;7;7;7m[48;2;7;7;7m▀[0m      [38;2;7;7;7m▀[38;2;7;7;7m▀[38;2;7;7;7m▀  
                        [38;2;7;7;7m▀[38;2;41;56;109m[48;2;7;7;7m▀[0m[38;2;41;56;109m[48;2;169;156;144m▀[0m[38;2;41;56;109m[48;2;142;122;111m▀[0m[38;2;41;56;109m[48;2;7;7;7m▀[0m[38;2;169;156;144m[48;2;169;156;144m▀[0m[38;2;142;122;111m[48;2;169;156;144m▀[0m[38;2;169;156;144m[48;2;142;122;111m▀[0m[38;2;7;7;7m[48;2;7;7;7m▀[0m          
                          [38;2;7;7;7m▀[38;2;7;7;7m▀ [38;2;7;7;7m▀[38;2;7;7;7m▀[38;2;7;7;7m▀           
[0m
